0.0 1.0 0.0 -1.0 0.0
0.040160642570281124 0.99570208183715 -0.21388314113817603 -0.99570208183715 0.21388314113817603
0.08032128514056225 0.9828453360378715 -0.4259278164534863 -0.9828453360378715 0.4259278164534863
0.12048192771084337 0.9615406192100038 -0.6343115644079775 -0.9615406192100038 0.6343115644079775
0.1606425702811245 0.931970888646457 -0.837243313465042 -0.931970888646457 0.837243313465042
0.20080321285140562 0.8943899118465337 -1.0329784382998335 -0.8943899118465337 1.0329784382998335
0.24096385542168675 0.8491199129416694 -1.2198335993150664 -0.8491199129416694 1.2198335993150664
0.28112449799196787 0.7965511024697242 -1.3962032467778454 -0.7965511024697242 1.3962032467778454
0.321285140562249 0.7371354516801835 -1.560571503708077 -0.7371354516801835 1.560571503708077
0.3614457831325301 0.6713834943537782 -1.7115252974937625 -0.6713834943537782 1.7115252974937625
0.40160642570281124 0.5998600814788969 -1.8477676352482313 -0.5998600814788969 1.8477676352482313
0.44176706827309237 0.52318028341445 -1.9681266935843797 -0.52318028341445 1.9681266935843797
0.4819277108433735 0.4420039812937508 -2.0715657143661943 -0.4420039812937508 2.0715657143661943
0.5220883534136547 0.35702819969814936 -2.1571986389067694 -0.35702819969814936 2.1571986389067694
0.5622489959839357 0.2689833565028959 -2.2242887520932877 -0.2689833565028959 2.2242887520932877
0.6024096385542169 0.17862642742915413 -2.272259441833236 -0.17862642742915413 2.272259441833236
0.642570281124498 0.08673401710071074 -2.3006978870084347 -0.08673401710071074 2.3006978870084347
0.6827309236947792 -0.00590383677960357 -2.3093607525596336 0.00590383677960357 2.3093607525596336
0.7228915662650602 -0.0984909740634488 -2.2981724570707276 0.0984909740634488 2.2981724570707276
0.7630522088353414 -0.19023148289977287 -2.2672294670049347 0.19023148289977287 2.2672294670049347
0.8032128514056225 -0.28033678661538225 -2.2167977291619914 0.28033678661538225 2.2167977291619914
0.8433734939759037 -0.36803235525609496 -2.1473107314483912 0.36803235525609496 2.1473107314483912
0.8835341365461847 -0.45256436782107257 -2.0593657824418026 0.45256436782107257 2.0593657824418026
0.9236947791164659 -0.5332062021356198 -1.9537188367830596 0.5332062021356198 1.9537188367830596
0.963855421686747 -0.6092646717352281 -1.831278025731226 0.6092646717352281 1.831278025731226
1.0040160642570282 -0.6800859919159741 -1.693095837454278 0.6800859919159741 1.693095837454278
1.0441767068273093 -0.7450613941315212 -1.5403600661405656 0.7450613941315212 1.5403600661405656
1.0843373493975903 -0.8036323190426403 -1.3743835039160806 0.8036323190426403 1.3743835039160806
1.1244979919678715 -0.8552952344372666 -1.196592734242143 0.8552952344372666 1.196592734242143
1.1646586345381527 -0.8996061776488807 -1.0085164198506598 0.8996061776488807 1.0085164198506598
1.2048192771084338 -0.93618421206412 -0.8117710514908916 0.93618421206412 0.8117710514908916
1.2449799196787148 -0.9647148752998683 -0.6080478272293058 0.9647148752998683 0.6080478272293058
1.285140562248996 -0.9849530677782322 -0.3990980915824669 0.9849530677782322 0.3990980915824669
1.3253012048192772 -0.9967246310295611 -0.186717752090365 0.9967246310295611 0.186717752090365
1.3654618473895583 -0.9999287066686214 0.027267355538263524 0.9999287066686214 -0.027267355538263524
1.4056224899598393 -0.9945375437397824 0.2410180629260875 0.9945375437397824 -0.2410180629260875
1.4457831325301205 -0.980597412821734 0.45269702374961535 0.980597412821734 -0.45269702374961535
1.4859437751004017 -0.9582279941330087 0.6604846316480047 0.9582279941330087 -0.6604846316480047
1.5261044176706828 -0.9276217013557261 0.8625946643986607 0.9276217013557261 -0.8625946643986607
1.5662650602409638 -0.8890417654730011 1.0572897833951116 0.8890417654730011 -1.0572897833951116
1.606425702811245 -0.8428198244296244 1.2428964378599585 0.8428198244296244 -1.2428964378599585
1.6465863453815262 -0.7893531830199887 1.4178192027341696 0.7893531830199887 -1.4178192027341696
1.6867469879518073 -0.7291013489543032 1.5805544071482105 0.7291013489543032 -1.5805544071482105
1.7269076305220883 -0.6625823206645929 1.7297033407147089 0.6625823206645929 -1.7297033407147089
1.7670682730923695 -0.5903678771110399 1.863983925359446 0.5903678771110399 -1.863983925359446
1.8072289156626506 -0.5130787609322948 1.9822418845587246 0.5130787609322948 -1.9822418845587246
1.8473895582329318 -0.4313793268696782 2.0834606318811826 0.4313793268696782 -2.0834606318811826
1.8875502008032128 -0.34597186453501283 2.166770095557647 0.34597186453501283 -2.166770095557647
1.927710843373494 -0.25759056315998835 2.231454332841629 0.25759056315998835 -2.231454332841629
1.9678714859437751 -0.16699511211410667 2.276957301536398 0.16699511211410667 -2.276957301536398
2.0080321285140563 -0.07496425467738493 2.302887888759393 0.07496425467738493 -2.302887888759393
2.0481927710843375 0.017710883748361925 2.3090235321503148 -0.017710883748361925 -2.3090235321503148
2.0883534136546187 0.11023372640132782 2.295311332344154 -0.11023372640132782 -2.295311332344154
2.1285140562248994 0.20180900980917282 2.2618689420077738 -0.20180900980917282 -2.2618689420077738
2.1686746987951806 0.2916495689386368 2.2089837895910414 -0.2916495689386368 -2.2089837895910414
2.208835341365462 0.3789831281249876 2.13711055004519 -0.3789831281249876 -2.13711055004519
2.248995983935743 0.46305897285923014 2.0468670670926548 -0.46305897285923014 -2.0468670670926548
2.289156626506024 0.543154392930043 1.9390289391356932 -0.543154392930043 -1.9390289391356932
2.3293172690763053 0.618580881903793 1.8145230246524948 -0.618580881903793 -1.8145230246524948
2.3694779116465865 0.6886901118958073 1.6744197680763808 -0.6886901118958073 -1.6744197680763808
2.4096385542168677 0.7528794397840523 1.519923548554597 -0.7528794397840523 -1.519923548554597
2.4497991967871484 0.8105971757677698 1.3523626153676023 -0.8105971757677698 -1.3523626153676023
2.4899598393574296 0.86134708682941 1.173177019741922 -0.86134708682941 -1.173177019741922
2.5301204819277108 0.9046930015729046 0.9839069614400694 -0.9046930015729046 -0.9839069614400693
2.570281124497992 0.9402622237210024 0.7861792760777244 -0.9402622237210023 -0.7861792760777244
2.610441767068273 0.9677491052352153 0.5816939362401976 -0.9677491052352152 -0.5816939362401975
2.6506024096385543 0.9869173806724638 0.37220850397008715 -0.9869173806724638 -0.3722085039700871
2.6907630522088355 0.997602169521869 0.1595236157508573 -0.997602169521869 -0.15952361575085722
2.7309236947791167 0.9997119124947409 -0.05453231865935626 -0.9997119124947409 0.054532318659356316
2.7710843373493974 0.9932283120443154 -0.26811947985306417 -0.9932283120443154 0.26811947985306417
2.8112449799196786 0.9782070715857765 -0.4794019179863785 -0.9782070715857765 0.4794019179863785
2.8514056224899598 0.9547773130776671 -0.6865634905131615 -0.9547773130776671 0.6865634905131615
2.891566265060241 0.9231404343727121 -0.8878234697228806 -0.9231404343727121 0.8878234697228806
2.931726907630522 0.8835683747605341 -1.0814518468870946 -0.8835683747605341 1.0814518468870948
2.9718875502008033 0.8364012745659272 -1.2657842026423611 -0.8364012745659273 1.2657842026423616
3.0120481927710845 0.7820445816279025 -1.439236035374881 -0.7820445816279027 1.4392360353748814
3.0522088353413657 0.72096556606116 -1.6003164088103612 -0.7209655660611601 1.6003164088103616
3.0923694779116464 0.6536892474014262 -1.7476406978668186 -0.6536892474014263 1.7476406978668189
3.1325301204819276 0.580793916370686 -1.879942513105652 -0.5807939163706861 1.8799425131056522
3.1726907630522088 0.5029061700507432 -1.9960846005109423 -0.5029061700507432 1.9960846005109427
3.21285140562249 0.42069552899035206 -2.095068640230831 -0.4206955289903521 2.0950686402308314
3.253012048192771 0.33486863470572015 -2.176043678371935 -0.3348686347057202 2.1760436783719355
3.2931726907630523 0.2461632197052735 -2.238313541070589 -0.2461632197052735 2.2383135410705894
3.3333333333333335 0.15534188464369303 -2.281343232881313 -0.15534188464369303 2.281343232881313
3.3734939759036147 0.06318527812270716 -2.3047628703292107 -0.06318527812270716 2.304762870329211
3.4136546184738954 -0.029514448641571427 -2.30837089978322 0.029514448641571447 2.3083708997832204
3.4538152610441766 -0.12196041676330453 -2.292136759601964 0.12196041676330457 2.2921367596019646
3.4939759036144578 -0.21335801129553503 -2.2561995557008525 0.213358011295535 2.256199555700853
3.534136546184739 -0.30292157188778046 -2.200868501724112 0.30292157188778046 2.2008685017241123
3.57429718875502 -0.3898812428770621 -2.1266191547742284 0.38988124287706216 2.126619154774229
3.6144578313253013 -0.47348949880796304 -2.034089562911403 0.4734894988079631 2.0340895629114035
3.6546184738955825 -0.5530277093140215 -1.9240754976273773 0.5530277093140216 1.9240754976273777
3.6947791164658637 -0.6278121167679563 -1.7975221947504092 0.6278121167679565 1.7975221947504096
3.7349397590361444 -0.697199934258428 -1.655517829688889 0.6971999342584281 1.6555178296888895
3.7751004016064256 -0.7605947087368867 -1.4992829144066162 0.7605947087368868 1.4992829144066169
3.8152610441767068 -0.8174514537508227 -1.3301603302864147 0.8174514537508228 1.3301603302864151
3.855421686746988 -0.8672815549340266 -1.149604107543591 0.8672815549340267 1.1496041075435914
3.895582329317269 -0.9096565419951477 -0.9591659618483827 0.9096565419951478 0.9591659618483831
3.9357429718875503 -0.9442122922662091 -0.7604831495732939 0.9442122922662092 0.7604831495732943
3.9759036144578315 -0.9706517152665476 -0.5552633685766396 0.9706517152665477 0.55526336857664
4.016064257028113 -0.9887474951086253 -0.34527066057979183 0.9887474951086254 0.3452706605797922
4.056224899598393 -0.9983442287959563 -0.1323101993434604 0.9983442287959565 0.13231019934346083
4.096385542168675 -0.9993592403721653 0.08178757238115494 0.9993592403721655 -0.08178757238115457
4.136546184738956 -0.9917841841952237 0.2951821289313035 0.991784184195224 -0.2951821289313031
4.176706827309237 -0.9756838222073831 0.5060393959874898 0.9756838222073834 -0.5060393959874893
4.216867469879518 -0.9511966588423538 0.7125467958501306 0.951196658842354 -0.7125467958501301
4.257028112449799 -0.9185331499411787 0.9129292552980066 0.918533149941179 -0.9129292552980064
4.2971887550200805 -0.8779740720816956 1.1054643079080035 0.8779740720816959 -1.1054643079080033
4.337349397590361 -0.829868062948375 1.2884969553216767 0.8298680629483752 -1.2884969553216763
4.377510040160643 -0.7746286355765547 1.4604538755341538 0.774628635576555 -1.4604538755341536
4.417670682730924 -0.7127306195258378 1.6198569536549026 0.7127306195258382 -1.6198569536549023
4.457831325301205 -0.6447060736837392 1.7653359693824553 0.6447060736837397 -1.7653359693824553
4.497991967871486 -0.5711396603918779 1.8956402475687384 0.5711396603918784 -1.8956402475687382
4.538152610441767 -0.4926639185963213 2.0096500433246836 0.4926639185963218 -2.0096500433246844
4.578313253012048 -0.40995339247720863 2.10638527226024 0.40995339247720913 -2.106385272260241
4.618473895582329 -0.3237189157128184 2.185014324785816 0.32371891571281897 -2.185014324785817
4.658634538152611 -0.2347018209882344 2.2448613538780724 0.23470182098823492 -2.2448613538780737
4.698795180722891 -0.14366725818529819 2.2854118686449896 0.14366725818529863 -2.285411868644991
4.738955823293173 -0.051397733930102496 2.3063173413974254 0.05139773393010287 -2.3063173413974267
4.779116465863454 0.041313594928748254 2.3073980499528908 -0.04131359492874789 -2.307398049952892
4.819277108433735 0.1336698053508737 2.2886447402104295 -0.13366980535087342 -2.288644740210431
4.859437751004016 0.224876996693957 2.250218594545059 -0.22487699669395675 -2.25021859454506
4.899598393574297 0.3141511887765672 2.1924499296618944 -0.31415118877656706 -2.192449929661896
4.9397590361445785 0.4007249858162821 2.1158353067955913 -0.4007249858162819 -2.1158353067955926
4.979919678714859 0.48385420229474446 2.0210333009761343 -0.4838542022947443 -2.0210333009761356
5.020080321285141 0.562824297314408 1.908858805388273 -0.562824297314408 -1.908858805388274
5.0602409638554215 0.6369564276188485 1.7802760721281912 -0.6369564276188485 -1.7802760721281923
5.100401606425703 0.705613391999821 1.6363903565575075 -0.7056133919998211 -1.6363903565575084
5.140562248995984 0.7682050054110109 1.4784384954303336 -0.7682050054110111 -1.4784384954303345
5.180722891566265 0.8241932101215312 1.3077782810165672 -0.8241932101215315 -1.3077782810165681
5.220883534136546 0.873096745278917 1.1258766832056564 -0.8730967452789172 -1.1258766832056573
5.261044176706827 0.9144953857947827 0.9342970991745564 -0.9144953857947831 -0.9342970991745574
5.301204819277109 0.9480332221183813 0.7346864465341653 -0.9480332221183816 -0.7346864465341663
5.341365461847389 0.9734218586527001 0.5287605160805811 -0.9734218586527006 -0.528760516080582
5.381526104417671 0.9904431625434138 0.3182893973698758 -0.9904431625434142 -0.31828939736987666
5.421686746987952 0.9989507648520995 0.10508229660372576 -0.9989507648521 -0.10508229660372653
5.461847389558233 0.9988715405507524 -0.10902807290808372 -0.9988715405507529 0.10902807290808289
5.502008032128514 0.9902061713561638 -0.32220126407886973 -0.9902061713561643 0.32220126407886884
5.542168674698795 0.9730290712365404 -0.5326048780155916 -0.9730290712365409 0.5326048780155908
5.582329317269076 0.9474879678076693 -0.7384302867891501 -0.9474879678076699 0.7384302867891495
5.622489959839357 0.9138024265655796 -0.9379082688922811 -0.9138024265655802 0.9379082688922806
5.662650602409639 0.8722620274841256 -1.1293241375747252 -0.8722620274841263 1.1293241375747247
5.7028112449799195 0.8232237583761209 -1.3110325339108269 -0.8232237583761215 1.3110325339108262
5.742971887550201 0.7671091542842767 -1.4814715351694954 -0.7671091542842774 1.481471535169495
5.783132530120482 0.7044006060374716 -1.6391760292756934 -0.7044006060374721 1.639176029275693
5.823293172690763 0.6356371571215079 -1.7827904037553737 -0.6356371571215085 1.7827904037553735
5.863453815261044 0.5614098911771089 -1.911080195881811 -0.5614098911771095 1.9110801958818109
5.903614457831325 0.4823567779027917 -2.0229426381458757 -0.48235677790279224 2.0229426381458757
5.943775100401607 0.39915739375114107 -2.117416170986053 -0.3991573937511424 2.117416170986053
5.983935742971887 0.3125269080772407 -2.1936887075788962 -0.3125269080772528 2.1936887075788936
6.024096385542169 0.22320997877991244 -2.251104552544818 -0.22320997877993204 2.2511045525448132
6.06425702811245 0.13197436696814566 -2.2891701819429384 -0.13197436696817383 2.2891701819429318
6.104417670682731 0.03960432390902578 -2.30755830010684 -0.03960432390905533 2.3075583001068343
6.144578313253012 -0.05310610896424607 -2.306111274253798 0.05310610896421629 2.3061112742537935
6.184738955823293 -0.14536005215988845 -2.284841247555256 0.1453600521598586 2.2848412475552538
6.224899598393574 -0.23636449933630263 -2.243931062655289 0.2363644993362727 2.243931062655288
6.265060240963855 -0.32533718906881554 -2.183732397909211 0.3253371890687856 2.1837323979092114
6.305220883534137 -0.41151332744792557 -2.104762702245479 0.4115133274478957 2.104762702245481
6.3453815261044175 -0.49415216316299815 -2.0077007844913104 0.4941521631629684 2.0077007844913135
6.385542168674699 -0.5725433315128184 -1.8933809816005531 0.5725433315127888 1.8933809816005582
6.42570281124498 -0.6460130599164842 -1.7627858858405545 0.6460130599164549 1.7627858858405612
6.465863453815261 -0.7139298108777461 -1.6170380409713585 0.713929810877717 1.617038040971367
6.506024096385542 -0.7757097203667903 -1.4573903271524604 0.7757097203667616 1.4573903271524706
6.546184738955823 -0.8308217277997124 -1.2852150642182598 0.8308217277996841 1.2852150642182716
6.586345381526105 -0.8787921202201028 -1.101992116496833 0.878792120220075 1.101992116496846
6.626506024096385 -0.9192085196379958 -0.9092964535640894 0.9192085196379687 0.9092964535641042
6.666666666666667 -0.951723055794552 -0.708785788256433 0.9517230557945255 0.7087857882564492
6.706827309236948 -0.9760570098061224 -0.5021820694469825 0.9760570098060966 0.502182069447
6.746987951807229 -0.9920009335163936 -0.2912616314855947 0.9920009335163686 0.29126163148561346
6.78714859437751 -0.999417747303639 -0.07783751231196168 0.9994177473036147 0.07783751231198184
6.827309236947791 -0.9982438572921217 0.1362556369230516 0.9982438572920983 -0.13625563692303022
6.867469879518072 -0.98848920227112 0.34917756050042903 0.9884892022710976 -0.34917756050040644
6.907630522088353 -0.970237651082012 0.5590980043502619 0.9702376510819904 -0.5590980043502383
6.947791164658635 -0.9436460835541207 0.7642125329351255 0.9436460835541002 -0.7642125329351005
6.9879518072289155 -0.9089430588947706 0.9627581032005864 0.908943058894751 -0.9627581032005601
7.028112449799197 -0.8664268745576927 1.1530280367090069 0.8664268745576743 -1.1530280367089796
7.068273092369478 -0.816463005230243 1.3333866895287094 0.8164630052302256 -1.3333866895286812
7.108433734939759 -0.7594809325303342 1.502283725662391 0.759480932530318 -1.5022837256623618
7.14859437751004 -0.6959702449685844 1.6582678352413582 0.6959702449685694 -1.658267835241328
7.188755020080321 -0.6264773397617182 1.79999678422256 0.6264773397617043 -1.7999967842225288
7.228915662650603 -0.5515994671551504 1.9262526560085644 0.5515994671551379 -1.926252656008533
7.269076305220883 -0.4719800244501938 2.035951317417372 0.47198002445018256 -2.0359513174173394
7.309236947791165 -0.3883035310592116 2.1281493036292947 0.3883035310592016 -2.1281493036292614
7.349397590361446 -0.3012892255444482 2.2020540214040722 0.30128922554443954 -2.2020540214040385
7.389558232931727 -0.2116850877608566 2.257030230368284 0.2116850877608493 -2.2570302303682497
7.429718875502008 -0.1202613716486147 2.2926053946176665 0.12026137164860878 -2.292605394617632
7.469879518072289 -0.027803914551517997 2.308473610765381 0.027803914551513417 -2.3084736107653456
7.51004016064257 0.06489252422278774 2.304498488713315 -0.06489252422279086 -2.3044984887132793
7.550200803212851 0.15703113406545033 2.280714340164733 -0.157031134065452 -2.2807143401646974
7.590361445783133 0.2478199156808802 2.2373254760217156 -0.24781991568088044 -2.2373254760216796
7.6305220883534135 0.3364784516833875 2.1747048450841793 -0.33647845168338636 -2.1747048450841437
7.670682730923695 0.4222446587891833 2.0933908902216474 -0.4222446587891807 -2.093390890221612
7.710843373493976 0.5043812991681415 1.9940824413912213 -0.5043812991681375 -1.994082441391186
7.751004016064257 0.5821823244345435 1.8776331129013841 -0.5821823244345382 -1.8776331129013488
7.791164658634538 0.6549790002158634 1.7450440474651483 -0.6549790002158565 -1.7450440474651134
7.831325301204819 0.722145560816811 1.5974548454317525 -0.7221455608168026 -1.5974548454317181
7.871485943775101 0.783104638251852 1.4361341482375134 -0.7831046382518422 -1.4361341482374794
7.911646586345381 0.8373322762803839 1.2624687471856364 -0.8373322762803728 -1.262468747185603
7.951807228915663 0.8843623250237918 1.0779513764513764 -0.8843623250237793 -1.0779513764513435
7.991967871485944 0.923790493436349 0.8841680856245258 -0.9237904934363352 -0.8841680856244936
8.032128514056225 0.9552779111849832 0.6827846922121905 -0.9552779111849681 -0.682784692212159
8.072289156626505 0.9785539089974038 0.4755322219424427 -0.9785539089973876 -0.47553222194241207
8.112449799196787 0.9934183717950561 0.2641921561524335 -0.9934183717950384 -0.26419215615240377
8.152610441767068 0.9997435668003913 0.0505811878932418 -0.9997435668003726 -0.05058118789321303
8.19277108433735 0.9974751858408668 -0.16346451176083493 -0.9974751858408468 0.1634645117608627
8.23293172690763 0.9866326750456923 -0.3761050878764942 -0.9866326750456712 0.3761050878765209
8.273092369477911 0.9673092191453857 -0.5855127158711485 -0.9673092191453636 0.5855127158711741
8.313253012048193 0.9396709213747647 -0.7898873647137237 -0.9396709213747416 0.7898873647137481
8.353413654618475 0.9039553499833678 -0.9874723033168975 -0.9039553499833439 0.9874723033169207
8.393574297188755 0.8604695292221256 -1.1765689916872168 -0.8604695292221007 1.1765689916872388
8.433734939759036 0.8095872096753387 -1.355552196948148 -0.809587209675313 1.3555521969481688
8.473895582329318 0.7517457581073548 -1.5228834205243982 -0.7517457581073284 1.5228834205244177
8.514056224899598 0.6874423904185072 -1.6771241600547397 -0.68744239041848 1.6771241600547575
8.55421686746988 0.6172298536804711 -1.8169485608905098 -0.6172298536804433 1.8169485608905263
8.594377510040161 0.5417116248503455 -1.9411547860016207 -0.5417116248503171 1.9411547860016358
8.634538152610443 0.4615368243327624 -2.0486751352804076 -0.46153682433273335 2.0486751352804213
8.674698795180722 0.37739520878609756 -2.13858415142022 -0.377395208786068 2.138584151420232
8.714859437751004 0.290009409934233 -2.2101108585538536 -0.29000940993420304 2.2101108585538642
8.755020080321286 0.20013070919549047 -2.2626398251672364 -0.20013070919546008 2.2626398251672453
8.795180722891565 0.10853169819603173 -2.2957194476263396 -0.10853169819600103 2.2957194476263467
8.835341365461847 0.015999777885345325 -2.309065567526713 -0.01599977788531437 2.3090655675267184
8.875502008032129 -0.07666966885965383 -2.30256327327819 0.07666966885968497 2.302563273278194
8.91566265060241 -0.16868005113901552 -2.276268406543055 0.16868005113904677 2.2762684065430574
8.95582329317269 -0.2592404732714996 -2.2304073926627157 0.25924047327153094 2.230407392662716
8.995983935742972 -0.34757250592773015 -2.165374061602908 0.3475725059277614 2.165374061602907
9.036144578313253 -0.4329168546592768 -2.0817275391089796 0.43291685465930796 2.081727539108977
9.076305220883533 -0.5145399159313376 -1.980186798704544 0.5145399159313685 1.9801867987045396
9.116465863453815 -0.591740070672168 -1.8616246747266103 0.5917400706721986 1.8616246747266039
9.156626506024097 -0.6638537234187277 -1.7270602841114961 0.6638537234187579 1.727060284111488
9.196787148594378 -0.7302610484478117 -1.5776502184423733 0.7302610484478416 1.5776502184423635
9.236947791164658 -0.7903911965504258 -1.4146787916269021 0.7903911965504552 1.4146787916268906
9.27710843373494 -0.8437272465035078 -1.2395469449144885 0.8437272465035369 1.2395469449144754
9.317269076305221 -0.8898107212954407 -1.0537600995503962 0.8898107212954692 1.0537600995503815
9.357429718875501 -0.9282455018611822 -0.8589151458328704 0.9282455018612101 0.8589151458328542
9.397590361445783 -0.9587011729374821 -0.6566870123952373 0.9587011729375093 0.6566870123952198
9.437751004016064 -0.9809155847037737 -0.44881533541834295 0.9809155847038001 0.44881533541832386
9.477911646586346 -0.9946985980847415 -0.23708493765625077 0.9946985980847672 0.2370849376562303
9.518072289156626 -0.9999312816464907 -0.023316665689172303 0.9999312816465156 0.02331666568915043
9.558232931726907 -0.9965686875290507 0.19065197134634337 0.9965686875290747 -0.19065197134636655
9.598393574297189 -0.984639762712525 0.4029818202576436 0.9846397627125479 -0.40298182025766804
9.63855421686747 -0.9642470129792753 0.6118476762323395 0.9642470129792973 -0.6118476762323651
9.67871485943775 -0.9355657488145144 0.8154541786008253 0.9355657488145354 -0.8154541786008525
9.718875502008032 -0.8988425012892634 1.012051147840237 0.8988425012892832 -1.0120511478402652
9.759036144578314 -0.8543929630849071 1.1999486877079484 0.8543929630849257 -1.1999486877079777
9.799196787148594 -0.8025991873209526 1.377531645377179 0.8025991873209699 -1.3775316453772093
9.839357429718875 -0.7439063942853373 1.5432735482194362 0.7439063942853535 -1.5432735482194673
9.879518072289157 -0.6788190959048956 1.6957497040170175 0.6788190959049105 -1.6957497040170497
9.919678714859439 -0.607896773385076 1.8336494510409993 0.6078967733850895 -1.833649451041032
9.959839357429718 -0.5317490555297795 1.9557874000694064 0.5317490555297917 -1.95578740006944
10.0 -0.4510304042924057 2.0611133921297817 0.4510304042924165 -2.0611133921298155
