0.0 0.5 0.0 2.25 0.0
0.040160642570281124 0.2843542741220732 -10.461629702854777 2.106913591735524 -6.917998178943785
0.08032128514056225 -0.30067915309504156 -17.99306115812422 1.722286304145347 -11.76842900633013
0.12048192771084337 -1.0958361721539769 -20.711183153786404 1.2057489793401919 -13.355586180387666
0.1606425702811245 -1.8913732995269674 -18.035863628151624 0.6978811990523308 -11.364587700412436
0.20080321285140562 -2.4829751642954836 -10.804642730384101 0.33283186541224724 -6.418826690482243
0.24096385542168675 -2.72469754571552 -1.0158203167567026 0.20364973948610576 0.10800887109616275
0.28112449799196787 -2.565277705964034 8.72293133093912 0.339252999613211 6.469652577427123
0.321285140562249 -2.058842169099219 15.888928845311819 0.6986966430847326 11.011264806107409
0.3614457831325301 -1.3479331766252074 18.69766762789553 1.1837523631150049 12.596925146502839
0.40160642570281124 -0.6240273865860515 16.546045203587894 1.666026866296816 10.890402956645255
0.44176706827309237 -0.07643732847694513 10.136330136669248 2.021164147259402 6.420359440625627
0.4819277108433735 0.15681067355225675 1.2575751934601898 2.161052181588025 0.419053258370654
0.5220883534136547 0.023413522030274185 -7.709330929198327 2.0557209025375265 -5.517326880345959
0.5622489959839357 -0.4319981302111056 -14.426686124925713 1.7395270198749246 -9.853486164537005
0.6024096385542169 -1.082147405068263 -17.20618702899472 1.3004525518028707 -11.512258211020145
0.642570281124498 -1.7524764372016073 -15.429635563730324 0.8557664795199211 -10.141813997259154
0.6827309236947792 -2.2678184754188986 -9.679931306633494 0.5207498670017459 -6.186994215502478
0.7228915662650602 -2.497937040128872 -1.5563764213461224 0.37880252658965746 -0.7516812740467906
0.7630522088353414 -2.3901281717491383 6.769060605451894 0.4606622510859601 4.706298108200123
0.8032128514056225 -1.9807718277523716 13.13194565964259 0.737884281196466 8.763757096303785
0.8433734939759037 -1.3834201200327374 15.937538451548871 1.131876307574115 10.40096182751644
0.8835341365461847 -0.7571635884893354 14.559434467297201 1.5357132345528377 9.255450707369356
0.9236947791164659 -0.2640355450385219 9.475470495691845 1.842712995094157 5.697981283722401
0.963855421686747 -0.026838422473912868 2.1129913118945294 1.9741531306205102 0.7158903133625437
1.0040160642570282 -0.09832718644706892 -5.548279516727524 1.898957775567722 -4.360503519652029
1.0441767068273093 -0.44944701505373236 -11.505931516450481 1.6404589245633308 -8.21306075859382
1.0843373493975903 -0.9791524564908966 -14.255801083127038 1.2688340717191124 -9.87799317073678
1.1244979919678715 -1.5426625266540288 -13.169008431897588 0.8815795881073643 -8.986480674832285
1.1646586345381527 -1.9902961278586202 -8.631108785768864 0.5774271408011763 -5.844021702352208
1.2048192771084338 -2.20650483231892 -1.9138354758244982 0.4306615076613239 -1.332395331575189
1.2449799196787148 -2.1389569291643116 5.179883793615751 0.47250093875609395 3.3354121733811857
1.285140562248996 -1.8103898709951884 10.799096179202241 0.6841833416324719 6.939548625888771
1.3253012048192772 -1.3106286922390702 13.527103307222538 1.0032305708023141 8.570447224891693
1.3654618473895583 -0.7713942918636353 12.737526584466368 1.3408976378967776 7.856556260694273
1.4056224899598393 -0.3309232523606437 8.735198516808131 1.6059637194599918 5.045993184019452
1.4457831325301205 -0.09787345414372256 2.6511739270915924 1.7285080874655385 0.9249140125379276
1.4859437751004017 -0.1239146621350821 -3.874028136081001 1.677493063963316 -3.401654819361126
1.5261044176706828 -0.3918856506454259 -9.1307987011885 1.4677567000988347 -6.805776517737146
1.5662650602409638 -0.8221637651807077 -11.786555814296683 1.1548917043513856 -8.43031159647896
1.606425702811245 -1.2950872339360078 -11.221550131120093 0.8196768725873504 -7.904134576779659
1.6465863453815262 -1.6831601219337444 -7.670177359829099 0.5463952066507503 -5.42512388850795
1.6867469879518073 -1.8844034495055257 -2.1364215810880975 0.40084021813976195 -1.6929929670385864
1.7269076305220883 -1.8481473418626693 3.888386466058073 0.4137389213736899 2.28645139158985
1.7670682730923695 -1.5867814837306036 8.826480239705448 0.5737419795878355 5.4710695122112645
1.8072289156626506 -1.1707948850014878 11.426033911995596 0.8315410761699813 7.054191685568132
1.8473895582329318 -0.7088548819044858 11.077443969448506 1.1137364637435752 6.667720558768959
1.8875502008032128 -0.31851804285567653 7.953922142236207 1.342579804551163 4.465614221155987
1.927710843373494 -0.09544259291042026 2.9447832717981006 1.4562999143816715 1.069403370710243
1.9678714859437751 -0.08914425661371993 -2.595406213740031 1.4247136358914039 -2.6062198691293395
2.0080321285140563 -0.29141096626855684 -7.211687784680335 1.2561977436996756 -5.5992012213875295
2.0481927710843375 -0.6400380681243222 -9.729535633889556 0.9944484572922497 -7.151412303483521
2.0883534136546187 -1.0364898954519308 -9.552271665895857 0.7061528799010904 -6.89999410955913
2.1285140562248994 -1.3725122420283327 -6.800100047698268 0.46302790655625026 -4.960697380027517
2.1686746987951806 -1.5585312561582874 -2.2590172498352783 0.3230506759262636 -1.8845539337553268
2.208835341365462 -1.546415119596852 2.8418414133646275 0.3157766686636853 1.497342626232292
2.248995983935743 -1.3408352160804582 7.161850379590429 0.4354506040437675 4.297538945568499
2.289156626506024 -0.9965935298335716 9.600317834826486 0.6434822756974269 5.804367414437593
2.3293172690763053 -0.6029984822625483 9.575852502199105 0.8793853046311996 5.661999584039766
2.3694779116465865 -0.2597059162128276 7.1630664595895315 1.0771032556514082 3.953056754063879
2.4096385542168677 -0.05054100776694979 3.054968772004435 1.1823303058662256 1.164961497238233
2.4497991967871484 -0.022160174431478535 -1.6341622992791298 1.166298007363254 -1.9478814350267268
2.4899598393574296 -0.17295892996076107 -5.6699930430325125 1.0325462457551917 -4.567515786456758
2.5301204819277108 -0.4548273608663921 -8.02217145322916 0.8151113951734624 -6.026723822334949
2.570281124497992 -0.7869405296836641 -8.126396904018348 0.5688405740481963 -5.978219957641717
2.610441767068273 -1.0776673285098881 -6.018150982157479 0.35456671181267985 -4.476039340344856
2.6506024096385543 -1.2486821583334 -2.3068711387258967 0.2231375794333395 -1.950388514522352
2.6907630522088355 -1.2549493184066598 1.9983288303763271 0.20248308417686006 0.9145721635006212
2.7309236947791167 -1.0955042889502171 5.76189680694583 0.290995181605447 3.3655046113556253
2.7710843373493974 -0.8124869765433591 8.020402511019686 0.4587648846918136 4.777551306974634
2.8112449799196786 -0.47900121951703484 8.228115389352917 0.6561388007654849 4.813141981535604
2.8514056224899598 -0.17926338691069482 6.3872515618762735 0.8271699468336842 3.5017566281380463
2.891566265060241 0.0135862823149032 3.0321958438886316 0.9243308833346114 1.2220793095178653
2.931726907630522 0.05617815503959756 -0.9240685095264376 0.9206305185303025 -1.406057547670802
2.9718875502008033 -0.05464320693770856 -4.43765123776987 0.8160606874285556 -3.6893965182208044
3.0120481927710845 -0.2821138271765503 -6.608628200790967 0.6368528630834793 -5.043429823994812
3.0522088353413657 -0.5602095258527204 -6.9108818055438235 0.42793730105020034 -5.141263182372553
3.0923694779116464 -0.8116133403437383 -5.318455344573869 0.2407519119772803 -3.991424484432744
3.1325301204819276 -0.968118652835658 -2.2984416585029623 0.1196983849630934 -1.9263587498980805
3.1726907630522088 -0.9881005714437555 1.3240350902365001 0.09080120844910783 0.49291843122395185
3.21285140562249 -0.8665964737993319 4.590126386839968 0.1554557830462423 2.6289168440719473
3.253012048192771 -0.6355821197137786 6.660103128791881 0.29074849093644367 3.9354282450501774
3.2931726907630523 -0.3546410328937851 7.028256267503196 0.4560849531926242 4.096925505859843
3.3333333333333335 -0.09471944635732506 5.64504236644948 0.6042282644573861 3.1041535195550245
3.3734939759036147 0.08062160308863778 2.917331454009234 0.6937576322844062 1.2480549453123309
3.4136546184738954 0.13151596902156415 -0.40994828667155603 0.6996706055787442 -0.9641403421979742
3.4538152610441766 0.051494232445316535 -3.456725989236986 0.6194259250546994 -2.946700139953817
3.4939759036144578 -0.13176078641169392 -5.440199916429452 0.4729827244660896 -4.189757290322952
3.534136546184739 -0.36455326741328065 -5.875541680894565 0.2969922422501111 -4.389691403484021
3.57429718875502 -0.5818471455519851 -4.6936186945032174 0.13481321700474505 -3.522309936826933
3.6144578313253013 -0.7244794450373242 -2.2474537102569982 0.025060628317836023 -1.8414036621980285
3.6546184738955825 -0.7543715369652332 0.7911982778323355 -0.008296333814286311 0.19489657561345874
3.6947791164658637 -0.6638387251926571 3.6152285436312885 0.03824464196198244 2.0488189443907214
3.7349397590361444 -0.476746548911005 5.495626476367441 0.14737571464721452 3.24487870784585
3.7751004016064256 -0.241436581002193 5.968741470495325 0.28605269756471124 3.4917005249410464
3.8152610441767068 -0.01748862075828717 4.949409131617078 0.4145169898843117 2.7526291795910756
3.855421686746988 0.1400717381689985 2.7426156550235974 0.49681301514487824 1.2482092760501808
3.895582329317269 0.19494353049779403 -0.04657767630856859 0.5100252052012175 -0.6082606523514028
3.9357429718875503 0.1384640303197305 -2.6785332600599143 0.4498715831808998 -2.3234391285088005
3.9759036144578315 -0.008905640136796775 -4.474955820602943 0.3313007961067009 -3.4543528570724624
4.016064257028113 -0.20370374591209517 -4.993435426070392 0.18407557746980166 -3.7221013893229085
4.056224899598393 -0.3913977420987541 -4.135866197927305 0.04462938497176157 -3.079781498658052
4.096385542168675 -0.5208603358339589 -2.1644058176885173 -0.0535848386858785 -1.7182530889771246
4.136546184738956 -0.5575598320482003 0.3766194685890049 -0.08870422559717213 -0.009963907102187607
4.176706827309237 -0.49207309129875876 2.809961634894308 -0.055815680185731444 1.5928511650929398
4.216867469879518 -0.34183891798053756 4.5051022949795865 0.03223676410768467 2.6778832807273036
4.257028112449799 -0.14588317566599848 5.040793465528363 0.14868085735460065 2.978777700818542
4.2971887550200805 0.045919439393723574 4.308714797977075 0.2601582142203311 2.440297264179864
4.337349397590361 0.18610473330483632 2.5329573911828764 0.3355740602317635 1.2268301941738944
4.377510040160643 0.24188547392055992 0.20259549317927222 0.3541141176063807 -0.32640450390434517
4.417670682730924 0.2032640365083417 -2.062732437971019 0.3103678349967818 -1.8051919684224786
4.457831325301205 0.08499961649819776 -3.6774352960198207 0.21530779735735694 -2.826132642364212
4.497991967871486 -0.07791226458513485 -4.241187935979369 0.09298467318795911 -3.1354134862368834
4.538152610441767 -0.23989261510512822 -3.6378117969444665 -0.026084103568609785 -2.6711651805672156
4.578313253012048 -0.3569148273007889 -2.0576007339188043 -0.11302316479557631 -1.5742283804339938
4.618473895582329 -0.39790088441273147 0.06061251199740303 -0.14805670083951783 -0.14594483923615353
4.658634538152611 -0.3524381095340923 2.1503604160065564 -0.1253955163556431 1.2345838672500533
4.698795180722891 -0.23291188053121087 3.668265313425994 -0.05435406172083347 2.2111539319361633
4.738955823293173 -0.07065593491188604 4.23458783842317 0.04348763030660807 2.5423781797340195
4.779116465863454 0.09271413545404002 3.7273649003012856 0.14023039105548493 2.161226559846849
4.819277108433735 0.21639896835616332 2.306962488302772 0.20907958692991754 1.1876144659538126
4.859437751004016 0.2709944530050339 0.36659128246855066 0.2312764233724585 -0.1079314584970786
4.899598393574297 0.2458166740993531 -1.5763101299788451 0.20074912452139718 -1.3787363087157198
4.9397590361445785 0.15116001415524608 -3.01796174321817 0.1253388637223422 -2.294163056113761
4.979919678714859 0.015042020202434291 -3.598760996824185 0.024376776055172182 -2.625078496293567
5.020080321285141 -0.12456675485047754 -3.1927301361924805 -0.07665750654479184 -2.3005815972631876
5.0602409638554215 -0.2298839277862194 -1.9337795942748224 -0.15292704909326577 -1.4220445608892316
5.100401606425703 -0.2731267186286011 -0.17371733183374363 -0.18667376259592908 -0.23200327094732628
5.140562248995984 -0.24345363378064058 1.615195703967979 -0.1716371434192834 0.9527696621744135
5.180722891566265 -0.14931161943335725 2.966290727875723 -0.11436295145235716 1.8256284843068349
5.220883534136546 -0.015707024627579853 3.5395923961258715 -0.032148563744358205 2.1694503543186205
5.261044176706827 0.12275116257540786 3.206652707282836 0.051748804345612326 1.9105750949796318
5.301204819277109 0.2311103186162578 2.0780612527090776 0.11431957458720532 1.1339666204433279
5.341365461847389 0.2831659496249926 0.46809927461461925 0.13877297126464758 0.0567490746375216
5.381526104417671 0.26802931653572853 -1.1925634756498362 0.1187274012996413 -1.031870734634347
5.421686746987952 0.19253238339994225 -2.4719970029410994 0.059579287190041755 -1.8477469984662973
5.461847389558233 0.07896334068256476 -3.0492668835116907 -0.023225251098127547 -2.1854799905529316
5.502008032128514 -0.04115258139705885 -2.7947634888381767 -0.10848306962882931 -1.9696141398863507
5.542168674698795 -0.13549929360008228 -1.7985674933016658 -0.17490304379955537 -1.2706370765053094
5.582329317269076 -0.17938762590918447 -0.3409735600298958 -0.20664104550974982 -0.2826322974663111
5.622489959839357 -0.1619597892915318 1.1856180059868864 -0.1972673021997332 0.7305803310304301
5.662650602409639 -0.08862571849724565 2.3817568730222773 -0.1511761440899932 1.5059193428278648
5.7028112449799195 0.020792816487154617 2.9449272561401396 -0.08214566134549439 1.8493779207163243
5.742971887550201 0.13761256100284572 2.7454778797814092 -0.009498231850707153 1.6845273070087505
5.783132530120482 0.2319875594234227 1.8555122268002027 0.04707292244417676 1.069112513763285
5.823293172690763 0.28069686608142663 0.5245727251018583 0.07263031158393475 0.1763366560528676
5.863453815261044 0.27299548196444196 -0.8901116847574229 0.06074126366206176 -0.7533399719697919
5.903614457831325 0.2130611220390075 -2.0194285424981806 0.014913032204900535 -1.4765425800560381
5.943775100401607 0.1184965513616363 -2.578617923514565 -0.05259406607500617 -1.810299174794019
5.983935742971887 0.015384376677097524 -2.4389276379974905 -0.12419548238586217 -1.6779106810446207
6.024096385542169 -0.06872413894914854 -1.6567466132034308 -0.1816994431920735 -1.1259366903855923
6.06425702811245 -0.11200781582822211 -0.45382890693421163 -0.2110511855616083 -0.30868621887199643
6.104417670682731 -0.10388637172426422 0.8449054548400307 -0.2058710659324104 0.5548613380384761
6.144578313253012 -0.047457364220935085 1.8986521332398485 -0.16890010381610454 1.2397449794829298
6.184738955823293 0.04168766899360746 2.439713436728498 -0.11103606861708469 1.5736394717045743
6.224899598393574 0.13986113750667473 2.341033023404862 -0.048276522380928645 1.4801752123832697
6.265060240963855 0.22165900970233382 1.6453130798410178 0.0025784739849532205 0.9961233937490885
6.305220883534137 0.26660969934781403 0.5492199779981961 0.02831314819541214 0.2587100172373051
6.3453815261044175 0.2643573263490627 -0.6519798103072569 0.022630080017444452 -0.5328217107167584
6.385542168674699 0.21707305467893973 -1.643869386666252 -0.012405667647932822 -1.1706981254791322
6.42570281124498 0.13854473470989132 -2.175108502150193 -0.06713524312050115 -1.492838253640172
6.465863453815261 0.05027335088711535 -2.1209939138067226 -0.1270265279749519 -1.4237027397472073
6.506024096385542 -0.024326811058322007 -1.5123556975839845 -0.17658571939178067 -0.9915254830619562
6.546184738955823 -0.06606426070872996 -0.5232385046756214 -0.20341028248120244 -0.3181030192966841
6.586345381526105 -0.06483930242410371 0.5782846863934745 -0.20132648418762386 0.4154418825158559
6.626506024096385 -0.022016087064586506 1.5023707651439344 -0.17182173687663238 1.0173651063940885
6.666666666666667 0.05024986386276495 2.013320197428603 -0.12344654829765483 1.3354169984962603
6.706827309236948 0.13246941971735476 1.9893202450876255 -0.06939782998361385 1.2953084284192615
6.746987951807229 0.2030873853222579 1.4509430041596976 -0.023961814993320927 0.9178554455264264
6.78714859437751 0.24414111443132272 0.5518573248815125 0.0012276413624072455 0.310937226756407
6.827309236947791 0.24582870811507238 -0.46478528838236555 0.00013781031731754597 -0.36094525504738806
6.867469879518072 0.20883066364773978 -1.3320058735120737 -0.02625090735048781 -0.9209787954425755
6.907630522088353 0.143843284293533 -1.8290293017049197 -0.07039450130756067 -1.2263215578711915
6.947791164658635 0.06852266142811396 -1.837369662435351 -0.12032779436333468 -1.2042772555676702
6.9879518072289155 0.0027048858646738505 -1.3687854462418145 -0.16289632358186193 -0.8692421423602829
7.028112449799197 -0.0368080444906514 -0.5586172496313354 -0.18720787878769188 -0.3165520836749616
7.068273092369478 -0.040529207448969116 0.3727994089546584 -0.1874004034202815 0.30452976928157804
7.108433734939759 -0.008548836985676397 1.1797376528202865 -0.16402646383900293 0.8310897846962298
7.14859437751004 0.04975481622426255 1.655630496562122 -0.12373255862891251 1.1292725929752159
7.188755020080321 0.11840991497134964 1.6856591477098262 -0.07736391675896508 1.1282566171290742
7.228915662650603 0.17918408095516442 1.274046985293002 -0.037030796297030225 0.8369112652206874
7.269076305220883 0.21638498792802857 0.5396655354899528 -0.012927200825955044 0.3392857221059171
7.309236947791165 0.22086777556138112 -0.31802751450987055 -0.010735754110385704 -0.2293116149214149
7.349397590361446 0.19223037550701302 -1.0730446310040416 -0.030276541006926738 -0.718889261542935
7.389558232931727 0.13867643533125698 -1.5323223009801337 -0.06571659816077785 -1.004151837704322
7.429718875502008 0.07464589800565166 -1.5849749157747601 -0.10724250268990143 -1.0163726461730753
7.469879518072289 0.01689075172117778 -1.2288309630759247 -0.14372091556657934 -0.7596843990578996
7.51004016064257 -0.019941241981410653 -0.5679871062926303 -0.1656283593584829 -0.3079877183487474
7.550200803212851 -0.0270538397787909 0.21718181882777315 -0.16748159877590502 0.21618267060092228
7.590361445783133 -0.0036253926288325215 0.9190016506550731 -0.14915090018978105 0.6748430703984003
7.6305220883534135 0.04319879644554703 1.357214407716989 -0.11574598669298322 0.9508409889586429
7.670682730923695 0.10038401605004145 1.4250589713163582 -0.07614372291554607 0.9777206417377127
7.710843373493976 0.1525566800264242 1.1149729361431318 -0.040577570557871256 0.7555847702350708
7.751004016064257 0.18606385207456966 0.5178123889151142 -0.017941554526046635 0.34922640450477166
7.791164658634538 0.19247355451168122 -0.20348087973561546 -0.013516720836302298 -0.1304976009629433
7.831325301204819 0.17062150922185704 -0.8582138896312664 -0.027699352967421556 -0.5567465684854112
7.871485943775101 0.1267127639128 -1.27825860091534 -0.05603364545648045 -0.8200952405440309
7.911646586345381 0.07250576601773183 -1.3611128980533564 -0.09050415820005328 -0.8564839302148125
7.951807228915663 0.02210375948094123 -1.0947183563329934 -0.1217173846830373 -0.6626078728352751
7.991967871485944 -0.011774451738985826 -0.5580879931542164 -0.14138111070489828 -0.2950925467547991
8.032128514056225 -0.021060447281285078 0.10174548918586315 -0.14442875322242207 0.14587909753832376
8.072289156626505 -0.0043035739921936525 0.70981556635921 -0.13024687179672662 0.5438028817383699
8.112449799196787 0.03313563904585832 1.109457967367798 -0.10271161509666724 0.7965776366517845
8.152610441767068 0.08066721596297326 1.202510529270029 -0.06905758647383224 0.8426360210184758
8.19277108433735 0.12536854074542567 0.9731993406134936 -0.03790532280909511 0.67581985222619
8.23293172690763 0.15540691548441035 0.4899554767631523 -0.01698335853668584 0.3454459112414153
8.273092369477911 0.16308426368506032 -0.11469746790739016 -0.011145049632380385 -0.05804411931153437
8.313253012048193 0.14672308593766326 -0.6803524649191398 -0.02118745155756158 -0.42772205128450663
8.353413654618475 0.11093594631091529 -1.0611689339014436 -0.0437567830074944 -0.6684120578577883
8.393574297188755 0.06525313708791441 -1.1633654072632944 -0.0723350213755394 -0.7210959932171965
8.433734939759036 0.021510379414805245 -0.9681460021815471 -0.09902145589542893 -0.5772470242902975
8.473895582329318 -0.009290036155996316 -0.5345066362411591 -0.1166240746562236 -0.2796459811063623
8.514056224899598 -0.01981459072411781 0.018247063437926744 -0.1205088567986912 0.09015479157216652
8.55421686746988 -0.00820226153720406 0.5431683797000648 -0.10973330289200588 0.4340947272711328
8.594377510040161 0.021603642212507983 0.904616641420827 -0.08718937941152571 0.6635419248929518
8.634538152610443 0.061041036752866616 1.0131880107386138 -0.05874614154841406 0.7220617988598471
8.674698795180722 0.09928185800374183 0.8476657929042996 -0.031642568218122 0.5991897552839544
8.714859437751004 0.1261085339861798 0.45864493453052585 -0.012568904665096388 0.3318774706404738
8.755020080321286 0.13455227891851942 -0.04660182197876467 -0.005943633954232417 -0.006420528434141405
8.795180722891565 0.12261400511768025 -0.5335691654039549 -0.012828557765875432 -0.32584511889406154
8.835341365461847 0.09364617068741438 -0.8762205666346787 -0.030746155553589682 -0.543933779229442
8.875502008032129 0.05533396233339977 -0.9895028114567672 -0.054421350502428245 -0.6068424682616544
8.91566265060241 0.01757844569025634 -0.8503105190181102 -0.07722992518489578 -0.5025431213757168
8.95582329317269 -0.01013710230137018 -0.5017752783668603 -0.0929571578380882 -0.2627914581709329
8.995983935742972 -0.02119958590364114 -0.040224524379768326 -0.09740148646147215 0.04633685941263338
9.036144578313253 -0.013504742307495992 0.4113203761035353 -0.08941062816547596 0.3425653497664023
9.076305220883533 0.01012109002298476 0.7358473791064806 -0.07109671944720047 0.5492431082997399
9.116465863453815 0.042791977462139474 0.8525920844346018 -0.047197306115928685 0.6151064798487182
9.156626506024097 0.07546422155803859 0.7370184147289693 -0.023771770210917392 0.526895705685232
9.196787148594378 0.09934599914023276 0.4256370461168509 -0.006590508900938116 0.31174826244574666
9.236947791164658 0.10817502601314942 0.0048293924537835264 0.00035633410312068217 0.029029946406454375
9.27710843373494 0.09977581540015475 -0.41297950635563657 -0.0041537728801788 -0.24598346074667934
9.317269076305221 0.07651182828707159 -0.7192540931518441 -0.018334904540064274 -0.44210577078709895
9.357429718875501 0.04454582897321639 -0.8374411841173163 -0.03794012627825929 -0.510623104714604
9.397590361445783 0.01213355353289127 -0.7419758099867961 -0.05743321652112122 -0.43732916402819466
9.437751004016064 -0.012579305277789988 -0.46351250669226246 -0.07146300720757624 -0.24526110076810648
9.477911646586346 -0.023670440855295086 -0.07940317209309582 -0.07624875471934825 0.012318009276541406
9.518072289156626 -0.01891806205081799 0.30769391053045014 -0.07051910477548086 0.2665953969611837
9.558232931726907 -0.00027567133662557194 0.5971885422680874 -0.05577307054150131 0.4515190343186246
9.598393574297189 0.026751201772784946 0.7166382486637792 -0.03581392960876116 0.5208840583298437
9.63855421686747 0.05463398457392932 0.6397919382857985 -0.01569726810297986 0.4597890185253067
9.67871485943775 0.07583332151486447 0.39213152698062714 -0.00038278149775856484 0.28764101049520385
9.718875502008032 0.0847584323980918 0.042818141269333816 0.006551695256022467 0.05216307370862337
9.759036144578314 0.07916584652129909 -0.3144871129767359 0.00380146187672091 -0.18378930825705256
9.799196787148594 0.06064980101871796 -0.5866382580437578 -0.007388991938565237 -0.3589793091835641
9.839357429718875 0.034121775740040244 -0.705192729946483 -0.023620011693031236 -0.42965520498812976
9.879518072289157 0.006442561860285133 -0.643511405914586 -0.040279835264349466 -0.38043447655282386
9.919678714859439 -0.015414414015110399 -0.42252301033361633 -0.052776559670924324 -0.22751510099129302
9.959839357429718 -0.026178012538741236 -0.10396868811918797 -0.0577307192849579 -0.01359198168172
10.0 -0.02360183470294706 0.22677070483946005 -0.05381986780647402 0.20397061188119414
